# Created by Octave 3.2.4, Fri Jan 06 17:35:17 2012 W. Europe Standard Time <unknown@unknown>
# name: matrix
# type: matrix
# rows: 256
# columns: 7
 0.000865391 -1.0376353 0 1.0376353 0.000865391 3.6862874e-018 0.000865391
 0.10411806 0.66300157 -2.3403468 2.4324462 0.10411806 3.6966635e-018 0.10411806
 -0.10536877 -0.94364174 1.5038251 1.7753731 -0.10536877 3.938915e-018 0.10536877
 -0.096618481 -1.1502285 -0.86397267 1.4385668 -0.096618481 7.3886684e-018 0.096618481
 0.27446187 0.57395462 0.50015692 0.76130208 0.27446187 -8.1145756e-019 0.27446187
 0.10062465 0.47718883 -2.1677771 2.2196771 0.10062465 4.9310023e-018 0.10062465
 -0.031682827 -0.29098326 0.21304186 0.36063568 -0.031682827 5.0347638e-018 0.031682827
 0.17886193 -0.72250322 -1.7945899 1.9345707 0.17886193 7.2302732e-018 0.17886193
 -0.041154884 2.5909346 -3.166907 4.0917284 -0.041154884 1.490778e-018 0.041154884
 0.0745764 -0.68816601 -2.492155 2.5854224 0.0745764 -4.7527019e-018 0.0745764
 -0.056584343 1.1042635 -0.74983558 1.3347851 -0.056584343 6.5983867e-018 0.056584343
 -0.011519475 -1.3681036 1.1536758 1.789602 -0.011519475 7.8671097e-018 0.011519475
 0.37244159 3.3128446 -1.5938337 3.6763086 0.37244159 6.6017748e-018 0.37244159
 -0.33329657 -0.029501301 2.3779542 2.3781372 -0.33329657 -1.4391937e-017 0.33329657
 -0.07670486 -1.4144155 -2.7228473 3.0683006 -0.07670486 6.5424825e-018 0.07670486
 0.012635638 0.71059789 -0.3340849 0.78521468 0.012635638 1.6998469e-017 0.012635638
 0.06430091 0.21665298 -1.3891154 1.405909 0.06430091 4.086611e-018 0.06430091
 0.061967451 3.1785175 0.27244177 3.1901721 0.061967451 1.3509399e-017 0.061967451
 0.035306752 -0.11124346 0.31789181 0.33679416 0.035306752 -3.7197346e-018 0.035306752
 -0.011976154 2.0284173 0.59130858 2.112847 -0.011976154 -1.4865044e-017 0.011976154
 0.013347088 -0.18347284 1.1599514 1.174372 0.013347088 -9.214256e-018 0.013347088
 -0.015255818 0.9767673 -0.26029969 1.0108562 -0.015255818 -1.1152063e-017 0.015255818
 -0.032171197 -3.6759149 2.9950374 4.7415819 -0.032171197 -5.4167969e-018 0.032171197
 -0.42161387 -0.58463315 -0.59695607 0.83555518 -0.42161387 1.1875795e-017 0.42161387
 0.17602672 -1.6876706 2.0582893 2.6617263 0.17602672 3.316981e-018 0.17602672
 -0.035100222 -0.070369689 0.12505106 0.14349098 -0.035100222 9.5799426e-019 0.035100222
 -0.04386339 0.15221083 1.0463631 1.0573759 -0.04386339 7.4175681e-018 0.04386339
 0.008789533 -1.4485315 -0.2026461 1.4626376 0.008789533 8.8808188e-018 0.008789533
 -0.046787836 2.8610915 -0.42715192 2.892802 -0.046787836 1.8184183e-018 0.046787836
 0.010265357 -1.3646794 -1.0692397 1.7336734 0.010265357 3.1541392e-020 0.010265357
 0.035256006 0.64850899 1.9445401 2.0498293 0.035256006 -4.4374441e-018 0.035256006
 0.009122181 -1.5222035 -0.098007638 1.5253553 0.009122181 -1.7898492e-017 0.009122181
 -0.022775872 -0.37852472 -0.32959298 0.50190886 -0.022775872 3.8967446e-018 0.022775872
 -0.043074373 0.43363867 -0.91014694 1.0081716 -0.043074373 -3.6393274e-018 0.043074373
 0.002139942 -0.44770205 -0.53079149 0.69438947 0.002139942 2.205943e-017 0.002139942
 0.002891588 -2.0681994 -0.1071973 2.0709756 0.002891588 -5.9453243e-018 0.002891588
 -0.04839379 -1.5936215 -1.9399785 2.5106067 -0.04839379 3.032378e-019 0.04839379
 0.004932872 1.2864543 1.7636674 2.1829996 0.004932872 -1.1594353e-017 0.004932872
 0.009055731 -0.11342989 1.0526255 1.0587194 0.009055731 -1.0425384e-018 0.009055731
 0.12060261 1.1703825 -0.80287126 1.4192947 0.12060261 8.5555569e-018 0.12060261
 0.35041985 1.9058123 -0.1846065 1.9147324 0.35041985 2.4394549e-019 0.35041985
 -0.049741529 0.62393481 1.4562279 1.5842646 -0.049741529 -1.6796663e-018 0.049741529
 0.018746957 -1.1048264 1.9570326 2.247358 0.018746957 3.9358392e-018 0.018746957
 -0.020023627 1.3567119 -1.6355558 2.1250201 -0.020023627 6.2816956e-019 0.020023627
 -0.018909276 1.8066269 0.41994519 1.8547923 -0.018909276 4.5251121e-018 0.018909276
 0.05838256 1.9209985 2.0807462 2.8319146 0.05838256 -3.5099457e-019 0.05838256
 0.003512445 -0.20074869 1.1516248 1.1689909 0.003512445 4.8111471e-018 0.003512445
 0.032333404 0.49781604 -1.4515824 1.5345724 0.032333404 -8.2092117e-019 0.032333404
 -0.004187524 1.4284635 2.7178073 3.0703394 -0.004187524 -6.1847117e-018 0.004187524
 0.053402066 -1.48644 1.2413303 1.9365962 0.053402066 5.3410973e-018 0.053402066
 -0.193661 -0.13583905 -0.26285138 0.29587682 -0.193661 -1.1395674e-017 0.193661
 -0.030811183 1.2129688 0.060439941 1.2144736 -0.030811183 1.498574e-017 0.030811183
 -0.010904786 0.193302 -1.7400194 1.7507236 -0.010904786 -2.3439858e-018 0.010904786
 -0.002647284 0.030912144 -0.025505989 0.040076378 -0.002647284 3.0563821e-018 0.002647284
 -0.019114079 1.4222963 -1.171621 1.8427215 -0.019114079 6.2910447e-018 0.019114079
 0.14875135 -1.1692288 1.044341 1.5677194 0.14875135 -1.5241352e-018 0.14875135
 -0.25845224 -3.0310048 1.0161136 3.1967916 -0.25845224 8.2481448e-018 0.25845224
 0.19318524 -0.57960655 1.7009693 1.7970087 0.19318524 -9.8425228e-018 0.19318524
 -0.024676971 -0.98755026 0.95028783 1.3705118 -0.024676971 1.5953119e-017 0.024676971
 -0.08230494 0.1560581 -0.35641763 0.38908567 -0.08230494 -2.2922664e-018 0.08230494
 0.15327136 -1.6287386 -0.82530262 1.8259009 0.15327136 1.1639239e-018 0.15327136
 -0.013393482 2.4025832 -0.69465967 2.5009914 -0.013393482 1.051634e-017 0.013393482
 0.22557485 0.97047607 2.4925745 2.6748367 0.22557485 2.0331074e-017 0.22557485
 0.066862829 2.1956894 -0.71901184 2.3104177 0.066862829 -5.8344471e-018 0.066862829
 -0.005007621 0.37783407 -0.12548505 0.39812697 -0.005007621 -3.2526065e-018 0.005007621
 0.054133821 1.2126487 -0.024656396 1.2128994 0.054133821 1.5839728e-017 0.054133821
 0.30471957 1.3876068 0.2060291 1.4028188 0.30471957 -1.861249e-017 0.30471957
 0.035531294 -1.1384818 -1.9307708 2.2414318 0.035531294 -1.3428013e-017 0.035531294
 -0.074139223 0.32277805 -0.58498964 0.66813063 -0.074139223 2.6579894e-018 0.074139223
 0.01723122 -0.87773621 -0.95660634 1.2982744 0.01723122 -3.3089342e-018 0.01723122
 0.054142788 2.5458058 0.19620432 2.5533553 0.054142788 -7.3251409e-018 0.054142788
 -0.05307924 -0.14579517 -1.8980231 1.9036145 -0.05307924 -3.6117485e-018 0.05307924
 0.027416158 0.16583119 -0.61697121 0.63886889 0.027416158 -1.4121733e-017 0.027416158
 0.050989781 0.77386911 -0.48991329 0.91590853 0.050989781 -6.4874253e-018 0.050989781
 0.045185816 1.3876734 -0.90200752 1.6550695 0.045185816 -1.660354e-017 0.045185816
 -0.02669557 -0.84010602 0.77761819 1.1447568 -0.02669557 -5.1433164e-018 0.02669557
 0.020914664 -1.9748471 -1.3290115 2.3803976 0.020914664 1.3540669e-017 0.020914664
 0.020171048 -0.14291182 -0.26211419 0.29854252 0.020171048 -3.983596e-018 0.020171048
 -0.032324258 -1.4569888 -1.482023 2.0782706 -0.032324258 -7.3353053e-018 0.032324258
 -0.038908169 -1.8731604 -0.10691337 1.8762091 -0.038908169 -1.8666489e-018 0.038908169
 0.002208921 0.11424349 -1.1193782 1.1251929 0.002208921 -1.1931465e-018 0.002208921
 -0.008629396 0.13514492 1.058311 1.066905 -0.008629396 2.0031628e-018 0.008629396
 -0.04518985 0.48998709 1.0577738 1.1657499 -0.04518985 1.5906421e-017 0.04518985
 -0.047292139 -0.18976168 1.5661272 1.5775816 -0.047292139 1.4514307e-018 0.047292139
 0.029560423 -0.55220821 1.1567606 1.2818069 0.029560423 2.3071258e-018 0.029560423
 -0.011835856 1.9565278 -1.7593028 2.6311874 -0.011835856 1.9302038e-018 0.011835856
 -0.003346157 -0.46373951 -2.3844083 2.4290857 -0.003346157 2.9289288e-018 0.003346157
 -0.17435797 -1.5692978 -1.7840405 2.3760253 -0.17435797 -1.3617295e-017 0.17435797
 0.080544405 0.62273473 -1.9874968 2.0827727 0.080544405 1.2707188e-017 0.080544405
 -0.16793759 1.9296503 0.32826729 1.9573732 -0.16793759 1.8965068e-018 0.16793759
 0.29660115 1.0734917 -0.88721579 1.3926724 0.29660115 -1.146215e-017 0.29660115
 -0.019905306 -1.163414 0.12968757 1.1706199 -0.019905306 -3.6359379e-018 0.019905306
 -0.011410435 -3.2768415 -0.5871854 3.3290354 -0.011410435 -3.0881207e-018 0.011410435
 0.008175705 -0.110349 0.27083217 0.29244994 0.008175705 -1.2402352e-017 0.008175705
 0.006888151 0.078593928 0.37149969 0.3797223 0.006888151 -2.186777e-018 0.006888151
 0.021011366 -2.004413 -1.5054691 2.5068124 0.021011366 -1.8200118e-018 0.021011366
 -0.068038754 0.43994385 -1.8234041 1.8757274 -0.068038754 1.4434752e-018 0.068038754
 -0.04927912 1.6321131 0.90511954 1.8662889 -0.04927912 -3.6393274e-018 0.04927912
 -0.078994833 -2.0035033 1.9121166 2.7695154 -0.078994833 -2.5322301e-017 0.078994833
 0.031503096 -1.284658 -0.60673413 1.4207295 0.031503096 -5.9453243e-018 0.031503096
 0.08944536 -2.5774916 0.68078362 2.6658825 0.08944536 3.032378e-019 0.08944536
 0.11064663 -2.9239185 1.9719303 3.5267277 0.11064663 -5.1635479e-018 0.11064663
 0.14415529 -0.94830677 2.6388996 2.8041178 0.14415529 3.4611404e-018 0.14415529
 0.035049524 -0.050385754 0.29136593 0.29569043 0.035049524 1.8368635e-017 0.035049524
 -0.10921074 0.62174665 -0.67046348 0.91437967 -0.10921075 2.4394549e-019 0.10921075
 0.026256427 1.5975303 0.76845776 1.7727466 0.026256427 -1.6796663e-018 0.026256427
 -0.019852556 0.43842779 0.63221513 0.76936006 -0.019852556 -3.4239692e-018 0.019852556
 -0.062412113 1.2964261 1.5247271 2.0013779 -0.062412113 -2.8734931e-020 0.062412113
 -0.06595698 2.1328068 -0.18849039 2.1411197 -0.06595698 1.5775282e-017 0.06595698
 0.27951315 -1.1503862 -2.1075891 2.4011081 0.27951315 2.7404581e-017 0.27951315
 0.081969298 1.9871404 1.0116102 2.2298166 0.081969298 -9.0666407e-018 0.081969298
 0.016485604 -1.253178 0.48534241 1.3438796 0.016485604 1.2969692e-017 0.016485604
 0.055248857 -1.795846 -2.0941194 2.7586952 0.055248857 6.2262163e-018 0.055248857
 -0.021263424 0.37265013 -1.4059043 1.4544535 -0.021263424 -9.1153848e-019 0.021263424
 0.020316027 0.57225368 0.81003851 0.99178458 0.020316027 7.0203249e-018 0.020316027
 -0.068477564 -1.1473807 0.31724263 1.1904308 -0.068477564 8.8667081e-018 0.068477564
 0.009670784 2.9955268 -1.0167302 3.1633718 0.009670784 3.2401467e-018 0.009670784
 -0.014175341 1.5863791 -0.8678689 1.8082575 -0.014175341 -7.5678913e-018 0.014175341
 -0.012252999 -1.3447502 -0.0047284492 1.3447586 -0.012252999 -6.2588575e-018 0.012252999
 0.013099598 -1.7855344 2.8080467 3.3276507 0.013099598 -1.0212353e-017 0.013099598
 0.019670077 -0.78447392 -1.9357951 2.0887082 0.019670077 2.5227262e-018 0.019670077
 -0.008961075 -0.22682768 0.42401581 0.48087442 -0.008961075 4.4376056e-018 0.008961075
 -0.012455529 -0.64428755 -0.53594113 0.83805688 -0.012455529 -1.166465e-018 0.012455529
 -0.010228375 -2.1161263 -0.59817949 2.1990473 -0.010228375 4.3847024e-018 0.010228375
 0.012758554 0.63164647 1.1855842 1.3433492 0.012758554 -2.0656693e-017 0.012758554
 0.008688235 1.6475318 2.8267057 3.2717925 0.008688235 -9.0238678e-018 0.008688235
 0.13088028 -0.81465362 0.11768879 0.82311067 0.13088028 -1.6489157e-018 0.13088028
 0.004299275 0.67153036 1.8301433 1.9494557 0.004299275 9.2962708e-018 0.004299275
 0.002608773 -0.53016171 0 0.53016171 0.002608773 -6.7220535e-018 0.002608773
 -0.038659882 0.67153036 -1.8301433 1.9494557 -0.038659882 3.6966635e-018 0.038659882
 -0.035320021 -0.81465362 -0.11768879 0.82311067 -0.035320021 9.1430854e-018 0.035320021
 0.03946986 1.6475318 -2.8267057 3.2717925 0.03946986 7.3886684e-018 0.03946986
 0.045862138 0.63164647 -1.1855842 1.3433492 0.045862138 2.6579894e-018 0.045862138
 0.025777206 -2.1161263 0.59817949 2.1990473 0.025777206 1.2737258e-017 0.025777206
 0.015493953 -0.64428755 0.53594113 0.83805688 0.015493953 6.9795515e-019 0.015493953
 0.36172581 -0.22682768 -0.42401581 0.48087442 0.36172581 1.4169167e-017 0.36172581
 -0.041336037 -0.78447392 1.9357951 2.0887082 -0.041336037 -1.978669e-018 0.041336037
 0.065300807 -1.7855344 -2.8080467 3.3276507 0.065300807 -8.2221488e-018 0.065300807
 -0.006711667 -1.3447502 0.0047284492 1.3447586 -0.006711667 -2.5089116e-018 0.006711667
 0.048016701 1.5863791 0.8678689 1.8082575 0.048016701 2.6629392e-018 0.048016701
 -0.4121986 2.9955268 1.0167302 3.1633718 -0.4121986 -7.276013e-018 0.4121986
 -0.52279359 -1.1473807 -0.31724263 1.1904308 -0.52279359 -7.4530429e-018 0.52279359
 -0.30560976 0.57225368 -0.81003851 0.99178458 -0.30560976 -7.3353053e-018 0.30560976
 -0.041047633 0.37265013 1.4059043 1.4544535 -0.041047633 -2.0834893e-018 0.041047633
 -0.14624143 -1.795846 2.0941194 2.7586952 -0.14624143 1.0496956e-017 0.14624143
 -0.10598011 -1.253178 -0.48534241 1.3438796 -0.10598011 2.152233e-017 0.10598011
 -0.022788802 1.9871404 -1.0116102 2.2298166 -0.022788802 -3.7197346e-018 0.022788802
 0.006023734 -1.1503862 2.1075891 2.4011081 0.006023734 -3.2505286e-018 0.006023734
 0.038044345 2.1328068 0.18849039 2.1411197 0.038044345 -4.9562214e-018 0.038044345
 0.022009104 1.2964261 -1.5247271 2.0013779 0.022009104 -2.0862696e-018 0.022009104
 -0.025985572 0.43842779 -0.63221513 0.76936006 -0.025985572 -9.151524e-018 0.025985572
 0.025816889 1.5975303 -0.76845776 1.7727466 0.025816889 -1.3765586e-017 0.025816889
 -0.005321069 0.62174665 0.67046348 0.91437967 -0.005321069 -9.9611075e-018 0.005321069
 0.045612838 -0.050385754 -0.29136593 0.29569043 0.045612838 -3.701534e-019 0.045612838
 0.022013335 -0.94830677 -2.6388996 2.8041178 0.022013335 -5.4031226e-018 0.022013335
 0.018998574 -2.9239185 -1.9719303 3.5267277 0.018998574 -3.0589576e-018 0.018998574
 -0.030563755 -2.5774916 -0.68078362 2.6658825 -0.030563755 1.8184183e-018 0.030563755
 0.014832703 -1.284658 0.60673413 1.4207295 0.014832703 5.8879272e-018 0.014832703
 -0.014628937 -2.0035033 -1.9121166 2.7695154 -0.014628937 -1.3503238e-017 0.014628937
 -0.009070123 1.6321131 -0.90511954 1.8662889 -0.009070123 1.1178455e-017 0.009070123
 -0.02606459 0.43994385 1.8234041 1.8757274 -0.02606459 -3.4630638e-018 0.02606459
 -0.013203338 -2.004413 1.5054691 2.5068124 -0.013203338 1.2672116e-018 0.013203338
 -0.35919213 0.078593928 -0.37149969 0.3797223 -0.35919213 7.3398131e-018 0.35919213
 0.11267315 -0.110349 -0.27083217 0.29244994 0.11267315 -5.9453243e-018 0.11267315
 -0.17406376 -3.2768415 0.5871854 3.3290354 -0.17406376 3.032378e-019 0.17406376
 0.024307109 -1.163414 -0.12968757 1.1706199 0.024307109 -5.5464048e-019 0.024307109
 0.048371878 1.0734917 0.88721579 1.3926724 0.048371878 1.1837126e-017 0.048371878
 -0.10971293 1.9296503 -0.32826729 1.9573732 -0.10971293 -1.257521e-018 0.10971293
 -0.028758414 0.62273473 1.9874968 2.0827727 -0.028758414 2.4394549e-019 0.028758414
 0.007553618 -1.5692978 1.7840405 2.3760253 0.007553618 -1.6796663e-018 0.007553618
 0.030553628 -0.46373951 2.3844083 2.4290857 0.030553628 -5.8772387e-018 0.030553628
 0.010247151 1.9565278 1.7593028 2.6311874 0.010247151 4.3080738e-018 0.010247151
 0.034802798 -0.55220821 -1.1567606 1.2818069 0.034802798 -3.8142688e-019 0.034802798
 0.001573765 -0.18976168 -1.5661272 1.5775816 0.001573765 -1.0164072e-017 0.001573765
 0.009841984 0.48998709 -1.0577738 1.1657499 0.009841984 4.8111471e-018 0.009841984
 -0.009444373 0.13514492 -1.058311 1.066905 -0.009444373 -2.0475559e-018 0.009444373
 -0.030185122 0.11424349 1.1193782 1.1251929 -0.030185122 -5.7967706e-018 0.030185122
 -0.009690596 -1.8731604 0.10691337 1.8762091 -0.009690596 -1.8612239e-018 0.009690596
 -0.31010717 -1.4569888 1.482023 2.0782706 -0.31010717 3.4189028e-020 0.31010717
 0.059100546 -0.14291182 0.26211419 0.29854252 0.059100546 -9.7984444e-018 0.059100546
 0.086071484 -1.9748471 1.3290115 2.3803976 0.086071484 -2.8047718e-018 0.086071484
 0.014892465 -0.84010602 -0.77761819 1.1447568 0.014892465 -3.4869038e-019 0.014892465
 -0.045540437 1.3876734 0.90200752 1.6550695 -0.045540437 -5.2014983e-018 0.045540437
 -0.44900981 0.77386911 0.48991329 0.91590853 -0.44900981 2.2976775e-018 0.44900981
 -0.018961258 0.16583119 0.61697121 0.63886889 -0.018961258 -6.5105573e-018 0.018961258
 -0.081764825 -0.14579517 1.8980231 1.9036145 -0.081764825 -3.521963e-018 0.081764825
 0.17429018 2.5458058 -0.19620432 2.5533553 0.17429018 6.4494094e-018 0.17429018
 -0.006051018 -0.87773621 0.95660634 1.2982744 -0.006051018 -6.4935498e-018 0.006051018
 -0.10380477 0.32277805 0.58498964 0.66813063 -0.10380477 9.9188564e-018 0.10380477
 -0.28863469 -1.1384818 1.9307708 2.2414318 -0.28863469 1.2508561e-017 0.28863469
 0.11470383 1.3876068 -0.2060291 1.4028188 0.11470383 1.5729991e-017 0.11470383
 -0.13884787 1.2126487 0.024656396 1.2128994 -0.13884787 -8.7008066e-018 0.13884787
 0.09735018 0.37783407 0.12548505 0.39812697 0.09735018 2.1684043e-019 0.09735018
 0.38212377 2.1956894 0.71901184 2.3104177 0.38212377 -4.9769538e-018 0.38212377
 -0.047125801 0.97047607 -2.4925745 2.6748367 -0.047125801 -1.1673596e-017 0.047125801
 0.081403479 2.4025832 0.69465967 2.5009914 0.081403479 4.4977449e-019 0.081403479
 -0.083455987 -1.6287386 0.82530262 1.8259009 -0.083455987 -8.1145756e-019 0.083455987
 0.074241497 0.1560581 0.35641763 0.38908567 0.074241497 -6.7783812e-018 0.074241497
 0.027118556 -0.98755026 -0.95028783 1.3705118 0.027118556 -8.1992789e-019 0.027118556
 -0.074722409 -0.57960655 -1.7009693 1.7970087 -0.074722409 4.1945072e-018 0.074722409
 -0.045518398 -3.0310048 -1.0161136 3.1967916 -0.045518398 1.3633842e-017 0.045518398
 -0.040908173 -1.1692288 -1.044341 1.5677194 -0.040908173 4.5146856e-019 0.040908173
 0.012777518 1.4222963 1.171621 1.8427215 0.012777518 6.8152271e-018 0.012777518
 0.038880546 0.030912144 0.025505989 0.040076378 0.038880546 1.7955775e-018 0.038880546
 0.049085863 0.193302 1.7400194 1.7507236 0.049085863 -1.4214907e-017 0.049085863
 0.032236215 1.2129688 -0.060439941 1.2144736 0.032236215 9.8941919e-018 0.032236215
 -0.059107684 -0.13583905 0.26285138 0.29587682 -0.059107684 -7.3353053e-018 0.059107684
 -0.02500126 -1.48644 -1.2413303 1.9365962 -0.02500126 -4.0350532e-018 0.02500126
 0.00640589 1.4284635 -2.7178073 3.0703394 0.00640589 -3.8494418e-018 0.00640589
 0.039520133 0.49781604 1.4515824 1.5345724 0.039520133 -1.3172064e-018 0.039520133
 0.066216588 -0.20074869 -1.1516248 1.1689909 0.066216588 1.5906421e-017 0.066216588
 0.03575873 1.9209985 -2.0807462 2.8319146 0.03575873 2.9498386e-017 0.03575873
 0.028480541 1.8066269 -0.41994519 1.8547923 0.028480541 8.0550914e-018 0.028480541
 -0.014959369 1.3567119 1.6355558 2.1250201 -0.014959369 5.6842538e-018 0.014959369
 -0.00399899 -1.1048264 -1.9570326 2.247358 -0.00399899 2.1289061e-018 0.00399899
 -0.035790734 0.62393481 -1.4562279 1.5842646 -0.035790734 -2.9921134e-018 0.035790734
 -0.03992743 1.9058123 0.1846065 1.9147324 -0.03992743 -1.9351315e-017 0.03992743
 -0.048084497 1.1703825 0.80287126 1.4192947 -0.048084497 -1.3086659e-018 0.048084497
 0.002207351 -0.11342989 -1.0526255 1.0587194 0.002207351 -6.1495598e-018 0.002207351
 0.030950662 1.2864543 -1.7636674 2.1829996 0.030950662 -5.2618176e-018 0.030950662
 -0.3206403 -1.5936215 1.9399785 2.5106067 -0.3206403 -3.0881207e-018 0.3206403
 0.034640063 -2.0681994 0.1071973 2.0709756 0.034640063 -2.0930491e-017 0.034640063
 -0.006563974 -0.44770205 0.53079149 0.69438947 -0.006563974 -5.940827e-018 0.006563974
 -0.029881194 0.43363867 0.91014694 1.0081716 -0.029881194 4.9130531e-018 0.029881194
 0.022486171 -0.37852472 0.32959298 0.50190886 0.022486171 -1.0097943e-018 0.022486171
 -0.011634802 -1.5222035 0.098007638 1.5253553 -0.011634802 1.2672116e-018 0.011634802
 -0.27303991 0.64850899 -1.9445401 2.0498293 -0.27303991 -7.8960676e-019 0.27303991
 0.48763299 -1.3646794 1.0692397 1.7336734 0.48763299 -5.9453243e-018 0.48763299
 0.11106172 2.8610915 0.42715192 2.892802 0.11106172 3.032378e-019 0.11106172
 0.05188515 -1.4485315 0.2026461 1.4626376 0.05188515 3.4228952e-018 0.05188515
 0.095795095 0.15221083 -1.0463631 1.0573759 0.095795095 3.9455357e-019 0.095795095
 0.078814439 -0.070369689 -0.12505106 0.14349098 0.078814439 -1.1070599e-017 0.078814439
 0.10576122 -1.6876706 -2.0582893 2.6617263 0.10576122 2.4394549e-019 0.10576122
 -0.14050499 -0.58463315 0.59695607 0.83555518 -0.14050499 -1.6796663e-018 0.14050499
 -0.085491545 -3.6759149 -2.9950374 4.7415819 -0.085491545 1.4825697e-018 0.085491545
 -0.087526135 0.9767673 0.26029969 1.0108562 -0.087526135 -3.7086391e-018 0.087526135
 -0.008067675 -0.18347284 -1.1599514 1.174372 -0.008067675 -1.8570491e-017 0.008067675
 0.033521228 2.0284173 -0.59130858 2.112847 0.033521228 1.7591503e-017 0.033521228
 0.006883552 -0.11124346 -0.31789181 0.33679416 0.006883552 -9.0666407e-018 0.006883552
 0.064519316 3.1785175 -0.27244177 3.1901721 0.064519316 -5.4298286e-018 0.064519316
 0.003384398 0.21665298 1.3891154 1.405909 0.003384398 1.4184573e-018 0.003384398
 -0.014617815 0.71059789 0.3340849 0.78521468 -0.014617815 -5.1512706e-019 0.014617815
 0.032730252 -1.4144155 2.7228473 3.0683006 0.032730252 -6.1154621e-018 0.032730252
 0.001646112 -0.029501301 -2.3779542 2.3781372 0.001646112 -4.9060476e-018 0.001646112
 -0.00196098 3.3128446 1.5938337 3.6763086 -0.00196098 8.108562e-019 0.00196098
 0.012564101 -1.3681036 -1.1536758 1.789602 0.012564101 -4.4440338e-018 0.012564101
 -0.30406827 1.1042635 0.74983558 1.3347851 -0.30406827 2.441865e-018 0.30406827
 -0.26773292 -0.68816601 2.492155 2.5854224 -0.26773292 -8.6402602e-018 0.26773292
 -0.20971786 2.5909346 3.166907 4.0917284 -0.20971786 9.0279392e-018 0.20971786
 -0.06585405 -0.72250322 1.7945899 1.9345707 -0.06585405 -1.7802091e-017 0.06585405
 -0.00726669 -0.29098326 -0.21304186 0.36063568 -0.00726669 3.9428378e-018 0.00726669
 -0.037195243 0.47718883 2.1677771 2.2196771 -0.037195243 -9.0417127e-019 0.037195243
 -0.074893326 0.57395462 -0.50015692 0.76130208 -0.074893326 1.2113318e-017 0.074893326
 -0.012096515 -1.1502285 0.86397267 1.4385668 -0.012096515 1.6102518e-017 0.012096515
 0.046475943 -0.94364174 -1.5038251 1.7753731 0.046475943 1.5630556e-017 0.046475943
 0.0681374 0.66300157 2.3403468 2.4324462 0.0681374 -4.8186862e-018 0.0681374
